
MeasurementLikelihoodThreshold:  100.0

lmExistenceProb: 0.01

minframe: 0
maxframe: 20000
staticframes: 0

PE: 1e-10
logExistenceOdds: -150
PD: 0.7
numIterations: 1500
numGibbs: 50
numLandmarks: 100
numComponents: 4

maxRange: 5
numLevenbergIterations: 2
tempFactor: 0.995
initTemp: 1000
birthDeathNumIter: 1
crossoverNumIter: 13300
numPosesToOptimize: 5

doCrossover: false

maxWeightDifference: 1e+4

perturbTrans: 0.8
perturbRot: 0.02


finalStateFile: optimizedState.g2o
xlim : [-20.0 , 20.0 ]
ylim : [-20.0 , 20.0 ]

anchorInfo:
    rows: 3
    cols: 3
    data: [2.10 , 0.0 , 0.0 ,
    0.0 , 2.1 , 0.0 ,
    0.0 , 0.0 , 2.01 ]
odomInfo:
    rows: 6
    cols: 6
    data: [1000 , 0.0 , 0.0 , 0.0 , 0.0 , 0.0 ,
    0.0 , 1000 , 0.0 , 0.0 , 0.0 , 0.0 ,
    0.0 , 0.0 , 1000 , 0.0 , 0.0 , 0.0 ,
    0.0 , 0.0 , 0.0 , 5000 , 0.0 , 0.0 ,
    0.0 , 0.0 , 0.0 , 0.0 , 5000 , 0.0 ,
    0.0 , 0.0 , 0.0 , 0.0 , 0.0 , 5000 ]
stereoInfo:
    rows: 3
    cols: 3
    data: [0.6 , 0.0 , 0.0 ,
    0.0 , .60 , 0.0 ,
    0.0 , 0.0 , .60 ]
logKappa: -170 #-(540+60*60)

viewingCosLimit: 0.4
use_gui: true
resultFolder: /home/finostro/euroc_results/V2_01_easy
eurocFolder: /home/finostro/euroc_dataset/V2_01_easy
eurocTimestampsFilename: /home/finostro/euroc_dataset/EuRoC_TimeStamps/V201.txt
stereo_init_max_depth: 60.0

#isam2 params
relinearizeThreshold : 0.02
relinearizeSkip : 1
cacheLinearizedFactors : true
enableDetailedResults : false
enablePartialRelinearizationCheck : true

base_link_to_cam0:
  cols: 4
  rows: 4
  data: [0.0148655429818, -0.999880929698, 0.00414029679422, -0.0216401454975,
         0.999557249008, 0.0149672133247, 0.025715529948, -0.064676986768,
        -0.0257744366974, 0.00375618835797, 0.999660727178, 0.00981073058949,
         0.0, 0.0, 0.0, 1.0]

# Camera calibration and distortion parameters (OpenCV) 
camera_params:
   - fx:  458.654
     fy: 457.296
     cx: 367.215
     cy: 248.375
     k1: -0.28340811
     k2: 0.07395907
     p1: 0.00019359
     p2: 1.76187114e-05
     width: 752
     height: 480
     cv_c0_to_camera: 
        rows: 4
        cols: 4
        data: [1.0,0.,0.,0.0,
               0.,1.0,0.,0.0,
               0.,0.,1.0,0.0,
               0,0,0,1.0]
   - fx:  457.587
     fy: 456.134
     cx: 379.999
     cy: 255.238
     k1: -0.28368365
     k2: 0.07451284
     p1: -0.00010473
     p2: -3.55590700e-05
     width: 752
     height: 480
     cv_c0_to_camera: 
        rows: 4
        cols: 4
        data: [0.999997256477797,-0.002317135723275,-0.000343393120620,0.110074137800478,
               0.002312067192432,0.999898048507103,-0.014090668452683,-0.000156612054392,
               0.000376008102320,0.014089835846691,0.999900662638081,0.000889382785432,
               0,0,0,1.000000000000000]

#--------------------------------------------------------------------------------------------
# ORB Parameters
#--------------------------------------------------------------------------------------------

# ORB Extractor: Number of features per image
ORBextractor.nFeatures: 400

# ORB Extractor: Scale factor between levels in the scale pyramid 	
ORBextractor.scaleFactor: 1.2

# ORB Extractor: Number of levels in the scale pyramid	
ORBextractor.nLevels: 8

# ORB Extractor: Fast threshold
# Image is divided in a grid. At each cell FAST are extracted imposing a minimum response.
# Firstly we impose iniThFAST. If no corners are detected we impose a lower value minThFAST
# You can lower these values if your images have low contrast			
ORBextractor.iniThFAST: 20
ORBextractor.minThFAST: 7 #7



# Camera frames per second 
Camera.fps: 20
camera.focal_length: 458.0
camera.baseline: 0.110074
camera.principal_point: 
        rows: 2
        cols: 1
        data: [379.999 , 255.238]

